[0, 39620610, 1868, 0, 0, 0, 951532420]
nfs_stream_read_mean = [ 0.0,39123894.0,1875.8,0.0,0.0,0.0,988209823.6 ]; nfs_stream_read_stddev = [ 0.0,427032.853033,3.25917508309,0.0,0.0,0.0,24146768.67 ];
[0, 100432743, 3646, 0, 0, 0, 2341273409]
nfs_stream_write_mean = [ 0.0,97643349.2,3647.9,0.0,0.0,0.0,2493107611.5 ]; nfs_stream_write_stddev = [ 0.0,2019402.74142,23.1874007934,0.0,0.0,0.0,407175124.422 ];
[0, 76821243, 1549, 0, 0, 0, 2004668253]
nfs_ab_mean = [ 0.0,76511113.2,1554.3,0.0,0.0,0.0,1952935646.0 ]; nfs_ab_stddev = [ 0.0,993369.977617,9.93366889814,0.0,0.0,0.0,64293093.7624 ];
[0, 2204342, 47, 0, 0, 0, 48351158]
nfs_find_mean = [ 0.0,2225051.6,47.0,0.0,0.0,0.0,47004665.7 ]; nfs_find_stddev = [ 0.0,51099.2334585,0.0,0.0,0.0,0.0,7050346.57207 ];
[0, 124069, 5, 0, 0, 0, 7930006]
nfs_grep_mean = [ 0.0,125463.8,5.0,0.0,0.0,0.0,8518613.8 ]; nfs_grep_stddev = [ 0.0,11492.8097309,0.0,0.0,0.0,0.0,759058.051915 ];
[0, 204220317, 9919, 0, 0, 0, 0]
nfs_scale_5_mean = [ 0.0,203058137.5,9935.0,0.0,0.0,0.0,0.0 ]; nfs_scale_5_stddev = [ 0.0,1854565.13055,56.2237593114,0.0,0.0,0.0,0.0 ];
[69884646, 0, 4404, 5311448, 0, 0, 379217330]
arfs_active_stream_read_mean = [ 74330362.3,0.0,4404.0,5311448.0,0.0,0.0,405548933.9 ]; arfs_active_stream_read_stddev = [ 25191816.6352,0.0,0.0,0.0,0.0,0.0,22340491.4166 ];
[113590872, 0, 6406, 73908, 5249036, 258, 536264831]
arfs_active_stream_write_mean = [ 68534633.2,0.0,6406.0,73908.0,5249036.0,258.0,491066883.6 ]; arfs_active_stream_write_stddev = [ 19565255.6619,0.0,0.0,0.0,0.0,0.0,20843009.4062 ];
[86150646, 0, 2668, 437928, 371141, 417, 496584020]
arfs_active_ab_mean = [ 40190064.9,0.0,2668.0,440328.8,371141.0,417.0,380370492.5 ]; arfs_active_ab_stddev = [ 23432184.1847,0.0,0.0,1575.17524951,0.0,0.0,60264857.6754 ];
[114552, 0, 20, 446, 0, 0, 3488485]
arfs_active_find_mean = [ 88297.9,0.0,20.0,399.0,0.0,0.0,3176589.4 ]; arfs_active_find_stddev = [ 16761.4513058,0.0,0.0,18.0677736438,0.0,0.0,545432.485581 ];
[88824615, 0, 2357, 2824064, 0, 0, 277246995]
arfs_active_grep_mean = [ 49595210.6,0.0,2357.0,2824064.0,0.0,0.0,222733388.5 ]; arfs_active_grep_stddev = [ 18068394.4358,0.0,0.0,0.0,0.0,0.0,30070066.4399 ];
[2939680, 0, 4, 8822, 0, 0, 83220330]
arfs_active_active_find_mean = [ 1911683.9,0.0,4.0,8822.0,0.0,0.0,84812046.1 ]; arfs_active_active_find_stddev = [ 389540.389202,0.0,0.0,0.0,0.0,0.0,2143094.38298 ];
[524940687, 0, 22, 2838918, 0, 0, 908285879]
arfs_active_active_grep_mean = [ 306263161.2,0.0,22.0,2838918.0,0.0,0.0,593234450.5 ]; arfs_active_active_grep_stddev = [ 80171884.9184,0.0,0.0,0.0,0.0,0.0,112508006.672 ];
[230318899, 0, 10737, 1756101, 1483836, 1668, 0]
arfs_active_scale_5_mean = [ 261015445.3,0.0,13282.0,2161359.8,1817699.1,2043.3,0.0 ]; arfs_active_scale_5_stddev = [ 15763989.7775,0.0,894.366318189,142395.210707,117307.535854,131.866978429,0.0 ];
[71072202, 0, 12348, 5271796, 0, 0, 899443053]
arfs_rdma_stream_read_mean = [ 80364566.4,0.0,12348.0,5271796.0,0.0,0.0,959360905.5 ]; arfs_rdma_stream_read_stddev = [ 27198314.9905,0.0,0.0,0.0,0.0,0.0,43243872.1969 ];
[114909172, 0, 19251, 41124, 5253168, 1285, 1489701605]
arfs_rdma_stream_write_mean = [ 67933201.3,0.0,19248.3,41120.4,5253164.4,1284.1,1354755962.0 ]; arfs_rdma_stream_write_stddev = [ 21238013.98,0.0,0.948683298051,1.26491106407,1.26491106407,0.316227766017,51605333.4378 ];
[43422578, 0, 9809, 430866, 371141, 417, 901002169]
arfs_rdma_ab_mean = [ 26284432.6,0.0,10342.1,433229.6,371141.0,417.0,880892828.1 ]; arfs_rdma_ab_stddev = [ 8133923.4904,0.0,347.796380404,1577.74869144,0.0,0.0,59423567.8885 ];
[42108, 0, 36, 442, 0, 0, 17347920]
arfs_rdma_find_mean = [ 43470.5,0.0,32.8,395.0,0.0,0.0,5064311.2 ]; arfs_rdma_find_stddev = [ 9965.17550997,0.0,2.14993539955,18.0677736438,0.0,0.0,4318303.28437 ];
[68839185, 0, 5524, 2806324, 0, 0, 481679355]
arfs_rdma_grep_mean = [ 33900285.2,0.0,5524.0,2806324.0,0.0,0.0,409838690.4 ]; arfs_rdma_grep_stddev = [ 12557643.8392,0.0,0.0,0.0,0.0,0.0,25394348.8864 ];
[1651293, 0, 1408, 8822, 0, 0, 185202137]
arfs_rdma_active_find_mean = [ 1574249.5,0.0,1408.0,8822.0,0.0,0.0,185399069.4 ]; arfs_rdma_active_find_stddev = [ 48043.5491687,0.0,0.0,0.0,0.0,0.0,1225587.04597 ];
[73441391, 0, 16402, 2838918, 0, 0, 2494294160]
arfs_rdma_active_grep_mean = [ 60539253.6,0.0,16402.0,2838918.0,0.0,0.0,2348995553.6 ]; arfs_rdma_active_grep_stddev = [ 7030985.87751,0.0,0.0,0.0,0.0,0.0,73821041.5868 ];
[168393090, 0, 54154, 2172098, 1854795, 2470, 0]
arfs_rdma_scale_5_mean = [ 207422018.0,0.0,54557.1,2175140.3,1854795.0,2471.2,0.0 ]; arfs_rdma_scale_5_stddev = [ 158448960.492,0.0,1015.75833193,7696.64437776,0.0,12.6033505245,0.0 ];
