[0, 39620610, 1868, 0, 0, 0, 951532420]
nfs_stream_read_mean = [ 0.0,39123894.0,1875.8,0.0,0.0,0.0,988209823.6 ]; nfs_stream_read_stddev = [ 0.0,182357057570.0,10.6222222222,0.0,0.0,0.0,5.83066437204e+14 ];
[0, 100432743, 3646, 0, 0, 0, 2341273409]
nfs_stream_write_mean = [ 0.0,97643349.2,3647.9,0.0,0.0,0.0,2493107611.5 ]; nfs_stream_write_stddev = [ 0.0,4.07798743204e+12,537.655555556,0.0,0.0,0.0,1.65791581948e+17 ];
[0, 76821243, 1549, 0, 0, 0, 2004668253]
nfs_ab_mean = [ 0.0,76511113.2,1554.3,0.0,0.0,0.0,1952935646.0 ]; nfs_ab_stddev = [ 0.0,986783912431.0,98.6777777778,0.0,0.0,0.0,4.13360190555e+15 ];
[0, 2204342, 47, 0, 0, 0, 48351158]
nfs_find_mean = [ 0.0,2225051.6,47.0,0.0,0.0,0.0,47004665.7 ]; nfs_find_stddev = [ 0.0,2611131660.04,0.0,0.0,0.0,0.0,4.97073867863e+13 ];
[0, 124069, 5, 0, 0, 0, 7930006]
nfs_grep_mean = [ 0.0,125463.8,5.0,0.0,0.0,0.0,8518613.8 ]; nfs_grep_stddev = [ 0.0,132084675.511,0.0,0.0,0.0,0.0,576169126176.0 ];
[0, 204220317, 9919, 0, 0, 0, 0]
nfs_scale_5_mean = [ 0.0,203058137.5,9935.0,0.0,0.0,0.0,0.0 ]; nfs_scale_5_stddev = [ 0.0,3.43941182343e+12,3161.11111111,0.0,0.0,0.0,0.0 ];
[69884646, 0, 4404, 5311448, 0, 0, 379217330]
arfs_active_stream_read_mean = [ 74330362.3,0.0,4404.0,5311448.0,0.0,0.0,405548933.9 ]; arfs_active_stream_read_stddev = [ 6.3462762538e+14,0.0,0.0,0.0,0.0,0.0,4.99097556737e+14 ];
[113590872, 0, 6406, 73908, 5249036, 258, 536264831]
arfs_active_stream_write_mean = [ 68534633.2,0.0,6406.0,73908.0,5249036.0,258.0,491066883.6 ]; arfs_active_stream_write_stddev = [ 3.82799229117e+14,0.0,0.0,0.0,0.0,0.0,4.34431041105e+14 ];
[86150646, 0, 2668, 437928, 371141, 417, 496584020]
arfs_active_ab_mean = [ 40190064.9,0.0,2668.0,440328.8,371141.0,417.0,380370492.5 ]; arfs_active_ab_stddev = [ 5.49067255665e+14,0.0,0.0,2481177.06667,0.0,0.0,3.63185307064e+15 ];
[114552, 0, 20, 446, 0, 0, 3488485]
arfs_active_find_mean = [ 88297.9,0.0,20.0,399.0,0.0,0.0,3176589.4 ]; arfs_active_find_stddev = [ 280946249.878,0.0,0.0,326.444444444,0.0,0.0,297496596327.0 ];
[88824615, 0, 2357, 2824064, 0, 0, 277246995]
arfs_active_grep_mean = [ 49595210.6,0.0,2357.0,2824064.0,0.0,0.0,222733388.5 ]; arfs_active_grep_stddev = [ 3.26466877488e+14,0.0,0.0,0.0,0.0,0.0,9.04208895702e+14 ];
[2939680, 0, 4, 8822, 0, 0, 83220330]
arfs_active_active_find_mean = [ 1911683.9,0.0,4.0,8822.0,0.0,0.0,84812046.1 ]; arfs_active_active_find_stddev = [ 151741714820.0,0.0,0.0,0.0,0.0,0.0,4.59285353434e+12 ];
[524940687, 0, 22, 2838918, 0, 0, 908285879]
arfs_active_active_grep_mean = [ 306263161.2,0.0,22.0,2838918.0,0.0,0.0,593234450.5 ]; arfs_active_active_grep_stddev = [ 6.42753113137e+15,0.0,0.0,0.0,0.0,0.0,1.26580515654e+16 ];
[230318899, 0, 10737, 1756101, 1483836, 1668, 0]
arfs_active_scale_5_mean = [ 261015445.3,0.0,13282.0,2161359.8,1817699.1,2043.3,0.0 ]; arfs_active_scale_5_stddev = [ 2.48503373706e+14,0.0,799891.111111,20276396032.2,13761057968.1,17388.9,0.0 ];
[71072202, 0, 12348, 5271796, 0, 0, 899443053]
arfs_rdma_stream_read_mean = [ 80364566.4,0.0,12348.0,5271796.0,0.0,0.0,959360905.5 ]; arfs_rdma_stream_read_stddev = [ 7.3974833832e+14,0.0,0.0,0.0,0.0,0.0,1.87003248258e+15 ];
[114909172, 0, 19251, 41124, 5253168, 1285, 1489701605]
arfs_rdma_stream_write_mean = [ 67933201.3,0.0,19248.3,41120.4,5253164.4,1284.1,1354755962.0 ]; arfs_rdma_stream_write_stddev = [ 4.51053237814e+14,0.0,0.9,1.6,1.6,0.1,2.66311043923e+15 ];
[43422578, 0, 9809, 430866, 371141, 417, 901002169]
arfs_rdma_ab_mean = [ 26284432.6,0.0,10342.1,433229.6,371141.0,417.0,880892828.1 ]; arfs_rdma_ab_stddev = [ 6.61607113477e+13,0.0,120962.322222,2489290.93333,0.0,0.0,3.5311604206e+15 ];
[42108, 0, 36, 442, 0, 0, 17347920]
arfs_rdma_find_mean = [ 43470.5,0.0,32.8,395.0,0.0,0.0,5064311.2 ]; arfs_rdma_find_stddev = [ 99304722.9444,0.0,4.62222222222,326.444444444,0.0,0.0,1.86477432558e+13 ];
[68839185, 0, 5524, 2806324, 0, 0, 481679355]
arfs_rdma_grep_mean = [ 33900285.2,0.0,5524.0,2806324.0,0.0,0.0,409838690.4 ]; arfs_rdma_grep_stddev = [ 1.57694418791e+14,0.0,0.0,0.0,0.0,0.0,6.44872955365e+14 ];
[1651293, 0, 1408, 8822, 0, 0, 185202137]
arfs_rdma_active_find_mean = [ 1574249.5,0.0,1408.0,8822.0,0.0,0.0,185399069.4 ]; arfs_rdma_active_find_stddev = [ 2308182616.72,0.0,0.0,0.0,0.0,0.0,1.50206360725e+12 ];
[73441391, 0, 16402, 2838918, 0, 0, 2494294160]
arfs_rdma_active_grep_mean = [ 60539253.6,0.0,16402.0,2838918.0,0.0,0.0,2348995553.6 ]; arfs_rdma_active_grep_stddev = [ 4.94347624097e+13,0.0,0.0,0.0,0.0,0.0,5.44954618096e+15 ];
[168393090, 0, 54154, 2172098, 1854795, 2470, 0]
arfs_rdma_scale_5_mean = [ 207422018.0,0.0,54557.1,2175140.3,1854795.0,2471.2,0.0 ]; arfs_rdma_scale_5_stddev = [ 2.51060730808e+16,0.0,1031764.98889,59238334.6778,0.0,158.844444444,0.0 ];
